35
100
1000
-10
0
100
1000
-30
0
100
1000
-50
0
100
1000
-70
0
300
1000
710
0
300
600
350
1
300
1000
730
0
300
1000
750
0
500
1000
-10
0
500
1000
-30
0
500
1000
-50
0
500
600
350
1
700
-10
650
2
700
-30
650
2
700
-50
650
2
900
-70
590
2
900
-10
590
2
900
-30
590
2
900
-50
590
2
900
-70
590
2
1100
1010
650
2
1100
1030
650
2
1100
1050
650
2
1100
1070
650
2
1300
1000
-30
0
1300
1000
-50
0
1300
1000
-70
0
1500
1000
710
0
1500
600
350
1
1500
1000
730
0
1500
1000
750
0
1700
1000
-10
0
1700
1000
-30
0
1700
1000
-50
0
1900
900
650
99